5164
637 481 0 
208 581 0 
856 401 0 
856 15 0 
426 310 0 
147 863 0 
76 634 0 
75 333 0 
1062 633 0 
253 1171 0 
76 284 0 
779 349 0 
1131 691 0 
856 786 0 
426 633 0 
76 328 0 
204 322 0 
276 1076 0 
121 1102 0 
1026 443 0 
637 717 0 
856 891 0 
564 375 0 
172 1098 0 
564 407 0 
610 36 0 
856 95 0 
426 921 0 
426 1176 0 
856 778 0 
76 2 0 
75 261 0 
856 467 0 
1026 823 0 
426 223 0 
1026 646 0 
699 677 0 
1155 697 0 
76 491 0 
76 124 0 
747 109 0 
76 72 0 
856 387 0 
426 960 0 
76 98 0 
230 1064 0 
1155 1 0 
1026 308 0 
75 138 0 
75 824 0 
76 1142 0 
76 882 0 
856 742 0 
856 1079 0 
76 929 0 
426 303 0 
1155 1118 0 
856 838 0 
856 653 0 
856 63 0 
75 862 0 
741 485 0 
783 1105 0 
856 183 0 
856 1020 0 
747 95 0 
76 965 0 
856 414 0 
856 399 0 
426 4 0 
416 906 0 
496 996 0 
426 610 0 
748 127 0 
1062 706 0 
856 297 0 
790 306 0 
856 579 0 
638 511 0 
1026 802 0 
638 93 0 
638 25 0 
367 1151 0 
76 782 0 
954 523 0 
564 629 0 
856 562 0 
1155 264 0 
1164 377 0 
181 673 0 
414 63 0 
981 408 0 
208 104 0 
747 292 0 
76 684 0 
75 319 0 
564 1157 0 
966 69 0 
779 165 0 
1106 930 0 
426 636 0 
426 689 0 
76 85 0 
130 1037 0 
76 977 0 
908 997 0 
394 546 0 
60 841 0 
172 895 0 
856 0 0 
76 160 0 
747 888 0 
76 443 0 
779 705 0 
856 682 0 
76 431 0 
76 1043 0 
75 64 0 
426 359 0 
856 1100 0 
999 859 0 
75 1161 0 
856 536 0 
76 225 0 
204 1033 0 
595 258 0 
76 65 0 
856 494 0 
908 223 0 
44 78 0 
76 1049 0 
882 1012 0 
121 278 0 
253 240 0 
966 433 0 
856 663 0 
75 209 0 
546 219 0 
856 638 0 
75 224 0 
966 314 0 
459 353 0 
830 402 0 
637 955 0 
1026 1173 0 
966 1047 0 
76 997 0 
564 480 0 
18 745 0 
76 576 0 
76 397 0 
75 750 0 
856 505 0 
856 158 0 
416 1001 0 
401 69 0 
204 960 0 
856 975 0 
747 67 0 
130 190 0 
140 731 0 
638 326 0 
426 917 0 
856 16 0 
856 511 0 
76 853 0 
251 914 0 
856 490 0 
638 1000 0 
177 457 0 
564 259 0 
204 1028 0 
747 1167 0 
754 1109 0 
76 232 0 
1026 620 0 
747 693 0 
856 1056 0 
779 766 0 
856 485 0 
856 1096 0 
564 610 0 
856 227 0 
373 262 0 
783 282 0 
76 1017 0 
263 1048 0 
76 258 0 
76 428 0 
76 561 0 
75 484 0 
204 872 0 
779 777 0 
394 964 0 
42 1014 0 
75 405 0 
1164 701 0 
856 449 0 
856 9 0 
76 1104 0 
856 722 0 
204 1057 0 
779 376 0 
426 853 0 
75 308 0 
856 386 0 
44 1004 0 
856 1016 0 
638 68 0 
856 1008 0 
426 505 0 
76 205 0 
1106 432 0 
856 407 0 
76 897 0 
278 912 0 
76 299 0 
1026 1154 0 
856 709 0 
76 150 0 
856 1065 0 
75 1107 0 
856 942 0 
63 893 0 
908 474 0 
856 834 0 
856 410 0 
513 49 0 
76 750 0 
856 662 0 
779 421 0 
75 865 0 
856 475 0 
208 1021 0 
856 878 0 
856 225 0 
426 762 0 
416 145 0 
426 401 0 
246 877 0 
416 985 0 
204 905 0 
76 455 0 
638 1151 0 
638 420 0 
416 1099 0 
856 299 0 
754 428 0 
966 693 0 
24 1168 0 
204 453 0 
76 31 0 
400 1023 0 
76 559 0 
856 102 0 
1026 44 0 
779 497 0 
637 503 0 
60 852 0 
747 1083 0 
363 464 0 
1026 1166 0 
856 1061 0 
856 372 0 
709 247 0 
950 1163 0 
76 626 0 
76 520 0 
856 310 0 
394 907 0 
564 273 0 
856 26 0 
1169 961 0 
204 9 0 
747 688 0 
1164 468 0 
856 193 0 
966 207 0 
76 420 0 
204 109 0 
76 1140 0 
564 631 0 
856 1012 0 
856 444 0 
747 554 0 
76 808 0 
759 467 0 
44 763 0 
856 1121 0 
76 1081 0 
856 1040 0 
856 1014 0 
856 739 0 
856 1092 0 
775 646 0 
76 1101 0 
60 778 0 
76 19 0 
76 1106 0 
204 554 0 
76 1147 0 
76 217 0 
981 491 0 
44 24 0 
75 684 0 
76 690 0 
856 777 0 
856 615 0 
76 1157 0 
856 521 0 
856 260 0 
856 50 0 
76 366 0 
204 891 0 
1062 348 0 
747 330 0 
394 708 0 
130 754 0 
448 782 0 
426 547 0 
363 369 0 
204 433 0 
856 195 0 
76 221 0 
856 424 0 
1106 424 0 
426 69 0 
709 644 0 
75 863 0 
966 604 0 
638 641 0 
76 585 0 
1136 41 0 
564 455 0 
638 782 0 
856 262 0 
966 95 0 
966 32 0 
76 273 0 
856 677 0 
363 1128 0 
1026 775 0 
856 174 0 
856 960 0 
204 498 0 
856 477 0 
1062 140 0 
344 547 0 
204 921 0 
1137 41 0 
414 2 0 
121 1103 0 
856 373 0 
637 990 0 
856 991 0 
856 1153 0 
466 431 0 
426 524 0 
638 24 0 
856 264 0 
426 604 0 
720 477 0 
76 114 0 
426 29 0 
459 610 0 
44 1079 0 
470 133 0 
75 776 0 
76 668 0 
253 988 0 
416 211 0 
865 516 0 
564 36 0 
966 725 0 
75 1007 0 
82 1179 0 
966 370 0 
638 741 0 
856 221 0 
426 40 0 
76 279 0 
76 352 0 
1174 1140 0 
856 686 0 
76 735 0 
426 985 0 
966 842 0 
372 563 0 
76 946 0 
76 887 0 
44 753 0 
1026 741 0 
204 934 0 
75 543 0 
75 90 0 
76 374 0 
426 45 0 
856 673 0 
733 58 0 
747 584 0 
76 110 0 
76 523 0 
426 111 0 
908 891 0 
564 427 0 
637 478 0 
856 409 0 
856 905 0 
426 785 0 
75 656 0 
856 799 0 
856 944 0 
856 657 0 
741 656 0 
856 394 0 
76 617 0 
1062 731 0 
426 797 0 
76 730 0 
76 234 0 
76 645 0 
564 1001 0 
856 327 0 
1062 585 0 
75 347 0 
834 850 0 
448 1029 0 
856 367 0 
856 266 0 
830 832 0 
747 277 0 
720 1091 0 
1026 651 0 
75 1154 0 
416 602 0 
76 529 0 
94 1165 0 
747 397 0 
137 425 0 
856 766 0 
130 374 0 
856 964 0 
44 31 0 
856 884 0 
856 308 0 
1062 455 0 
856 947 0 
1169 801 0 
1026 231 0 
76 344 0 
1121 1109 0 
75 956 0 
564 491 0 
747 340 0 
564 119 0 
426 1032 0 
363 537 0 
76 560 0 
426 55 0 
426 380 0 
76 693 0 
426 569 0 
253 951 0 
75 654 0 
44 367 0 
76 1000 0 
426 747 0 
999 444 0 
856 606 0 
75 996 0 
1062 746 0 
76 544 0 
121 190 0 
76 35 0 
856 876 0 
966 888 0 
856 503 0 
754 1121 0 
982 346 0 
76 211 0 
76 319 0 
76 321 0 
1102 1103 0 
426 934 0 
856 383 0 
1035 742 0 
204 397 0 
76 201 0 
76 70 0 
856 1018 0 
76 197 0 
966 688 0 
426 666 0 
76 461 0 
1026 268 0 
76 711 0 
856 1057 0 
954 77 0 
1121 671 0 
856 595 0 
856 839 0 
76 256 0 
76 454 0 
621 680 0 
76 1075 0 
638 61 0 
426 314 0 
1026 31 0 
603 343 0 
856 292 0 
1026 638 0 
1136 210 0 
638 243 0 
569 597 0 
856 1089 0 
747 515 0 
779 469 0 
966 457 0 
76 582 0 
966 237 0 
75 916 0 
761 705 0 
44 1168 0 
1026 405 0 
1117 844 0 
856 805 0 
856 785 0 
76 916 0 
856 172 0 
76 230 0 
44 846 0 
779 202 0 
1062 984 0 
856 445 0 
1035 431 0 
204 1160 0 
172 1150 0 
416 345 0 
466 1031 0 
966 292 0 
1026 1043 0 
966 787 0 
230 374 0 
24 1015 0 
747 160 0 
1026 315 0 
75 195 0 
75 647 0 
44 200 0 
76 75 0 
76 874 0 
76 69 0 
856 289 0 
76 790 0 
76 296 0 
204 1145 0 
140 452 0 
1026 35 0 
172 304 0 
856 476 0 
76 1126 0 
747 399 0 
76 198 0 
564 458 0 
1035 813 0 
75 974 0 
856 826 0 
720 155 0 
856 113 0 
966 265 0 
76 1138 0 
856 171 0 
856 533 0 
856 53 0 
1026 684 0 
546 778 0 
76 651 0 
76 239 0 
1062 416 0 
856 608 0 
60 627 0 
564 917 0 
204 932 0 
747 207 0 
148 924 0 
779 886 0 
638 59 0 
856 853 0 
253 404 0 
76 515 0 
76 535 0 
253 700 0 
856 706 0 
426 541 0 
638 736 0 
76 1008 0 
75 21 0 
76 896 0 
75 473 0 
44 646 0 
638 1053 0 
966 554 0 
856 10 0 
230 144 0 
1026 871 0 
1026 812 0 
76 485 0 
76 556 0 
307 1068 0 
856 948 0 
856 1161 0 
344 831 0 
856 204 0 
75 482 0 
76 1160 0 
1035 306 0 
1026 1000 0 
76 864 0 
1121 1072 0 
856 691 0 
82 1116 0 
76 1153 0 
1062 72 0 
856 955 0 
856 938 0 
856 787 0 
76 499 0 
856 949 0 
130 829 0 
76 369 0 
1035 1031 0 
76 578 0 
856 795 0 
856 1118 0 
779 560 0 
172 678 0 
426 114 0 
44 100 0 
1062 228 0 
856 845 0 
76 242 0 
966 141 0 
76 122 0 
76 375 0 
747 9 0 
204 1110 0 
564 745 0 
204 330 0 
754 829 0 
856 435 0 
779 730 0 
954 176 0 
773 673 0 
75 241 0 
76 810 0 
75 925 0 
856 1022 0 
564 706 0 
441 678 0 
359 997 0 
76 845 0 
375 1069 0 
944 396 0 
76 758 0 
747 114 0 
856 139 0 
856 27 0 
856 697 0 
747 457 0 
856 422 0 
856 472 0 
638 1029 0 
204 798 0 
783 755 0 
856 58 0 
75 35 0 
76 1079 0 
856 146 0 
44 482 0 
76 233 0 
1131 174 0 
856 106 0 
856 124 0 
426 860 0 
1164 255 0 
564 967 0 
1024 883 0 
856 841 0 
1164 835 0 
76 549 0 
638 694 0 
548 911 0 
75 968 0 
76 510 0 
741 337 0 
637 607 0 
1042 228 0 
856 675 0 
253 709 0 
1026 694 0 
140 860 0 
204 318 0 
856 1132 0 
779 274 0 
76 1068 0 
720 837 0 
856 756 0 
76 627 0 
637 280 0 
834 201 0 
856 4 0 
856 713 0 
638 991 0 
856 374 0 
716 1109 0 
856 694 0 
1062 259 0 
76 104 0 
76 580 0 
394 852 0 
1026 262 0 
856 728 0 
75 106 0 
908 38 0 
741 1044 0 
76 145 0 
75 89 0 
949 282 0 
856 581 0 
604 767 0 
76 9 0 
76 16 0 
426 1008 0 
416 569 0 
253 521 0 
867 272 0 
76 1169 0 
75 275 0 
637 642 0 
76 1152 0 
75 113 0 
130 1013 0 
1026 634 0 
76 776 0 
394 362 0 
76 271 0 
1026 275 0 
76 801 0 
779 800 0 
76 206 0 
372 343 0 
747 339 0 
76 1046 0 
172 1021 0 
564 1070 0 
466 910 0 
76 367 0 
75 614 0 
76 512 0 
720 133 0 
76 991 0 
570 764 0 
856 500 0 
76 754 0 
344 797 0 
856 575 0 
856 91 0 
856 614 0 
426 199 0 
747 963 0 
426 1157 0 
373 1181 0 
60 907 0 
856 1019 0 
344 114 0 
1102 596 0 
637 1035 0 
416 18 0 
424 503 0 
60 219 0 
76 1145 0 
414 944 0 
856 282 0 
1121 1064 0 
1164 7 0 
856 1038 0 
426 34 0 
301 461 0 
426 109 0 
621 502 0 
601 962 0 
999 898 0 
1062 345 0 
1164 982 0 
76 1179 0 
856 869 0 
76 254 0 
76 774 0 
1026 64 0 
75 605 0 
75 887 0 
372 970 0 
253 848 0 
500 306 0 
856 415 0 
426 266 0 
1026 127 0 
856 741 0 
856 678 0 
856 743 0 
426 85 0 
426 957 0 
76 142 0 
448 1154 0 
856 30 0 
76 980 0 
966 987 0 
856 526 0 
856 35 0 
75 546 0 
856 1138 0 
75 740 0 
1031 1153 0 
1062 827 0 
1026 485 0 
42 215 0 
75 255 0 
76 879 0 
856 851 0 
1026 106 0 
253 201 0 
856 704 0 
363 257 0 
76 331 0 
856 304 0 
966 995 0 
1015 420 0 
856 134 0 
889 738 0 
856 421 0 
856 1145 0 
966 67 0 
76 300 0 
811 1004 0 
728 1092 0 
856 370 0 
856 277 0 
416 34 0 
426 623 0 
856 434 0 
856 314 0 
75 362 0 
747 785 0 
856 550 0 
172 581 0 
253 1056 0 
76 208 0 
747 27 0 
76 1175 0 
76 787 0 
1033 915 0 
638 163 0 
75 874 0 
76 329 0 
130 939 0 
76 797 0 
856 224 0 
130 307 0 
856 574 0 
75 168 0 
856 880 0 
76 306 0 
278 236 0 
856 919 0 
60 675 0 
856 307 0 
856 334 0 
60 507 0 
172 889 0 
76 500 0 
856 67 0 
856 769 0 
130 1036 0 
76 1096 0 
1026 748 0 
856 175 0 
779 83 0 
548 73 0 
1026 59 0 
76 1029 0 
966 483 0 
856 257 0 
856 259 0 
76 1014 0 
76 1174 0 
638 80 0 
779 475 0 
76 54 0 
426 760 0 
416 119 0 
76 838 0 
966 38 0 
76 725 0 
856 1143 0 
564 984 0 
908 170 0 
966 714 0 
75 1164 0 
76 913 0 
426 88 0 
426 128 0 
856 1106 0 
76 421 0 
856 311 0 
76 237 0 
856 823 0 
856 118 0 
856 93 0 
76 691 0 
856 321 0 
638 986 0 
697 471 0 
172 568 0 
1062 146 0 
18 894 0 
414 877 0 
76 327 0 
76 719 0 
426 364 0 
638 617 0 
856 918 0 
607 205 0 
856 981 0 
76 696 0 
747 242 0 
966 922 0 
75 1043 0 
638 1173 0 
966 584 0 
856 466 0 
426 869 0 
954 201 0 
76 877 0 
779 1024 0 
638 1154 0 
1131 252 0 
856 400 0 
1026 57 0 
253 954 0 
710 323 0 
75 125 0 
426 370 0 
707 312 0 
856 369 0 
130 643 0 
76 323 0 
76 863 0 
856 1015 0 
75 1130 0 
76 168 0 
1136 1074 0 
856 898 0 
856 1025 0 
75 591 0 
359 403 0 
130 354 0 
856 754 0 
75 840 0 
856 540 0 
856 798 0 
76 546 0 
130 236 0 
783 549 0 
747 969 0 
76 778 0 
1043 926 0 
75 812 0 
75 641 0 
991 923 0 
1026 200 0 
610 353 0 
856 454 0 
811 795 0 
856 378 0 
76 1149 0 
856 534 0 
76 552 0 
363 926 0 
783 953 0 
76 479 0 
856 590 0 
865 708 0 
982 1049 0 
76 244 0 
856 1050 0 
856 275 0 
75 799 0 
637 1153 0 
416 1175 0 
394 735 0 
856 446 0 
779 171 0 
638 336 0 
946 635 0 
966 1156 0 
747 483 0 
426 851 0 
856 233 0 
76 657 0 
856 59 0 
856 240 0 
1062 85 0 
856 652 0 
865 573 0 
253 834 0 
76 81 0 
76 249 0 
638 261 0 
394 219 0 
76 979 0 
76 438 0 
1 1011 0 
60 81 0 
754 354 0 
856 237 0 
76 872 0 
747 69 0 
856 206 0 
441 73 0 
204 688 0 
856 943 0 
76 13 0 
856 531 0 
1164 224 0 
567 858 0 
75 1088 0 
76 392 0 
856 611 0 
1062 631 0 
167 539 0 
359 277 0 
856 1052 0 
76 1005 0 
747 433 0 
76 670 0 
856 719 0 
856 306 0 
75 1074 0 
76 106 0 
204 380 0 
394 516 0 
637 1108 0 
1033 109 0 
856 716 0 
138 659 0 
285 875 0 
720 471 0 
130 37 0 
76 1100 0 
76 1010 0 
76 1013 0 
1174 883 0 
1164 5 0 
865 658 0 
75 651 0 
856 1088 0 
76 954 0 
856 591 0 
426 237 0 
856 808 0 
204 881 0 
230 1067 0 
747 831 0 
856 25 0 
75 909 0 
966 1180 0 
75 66 0 
426 9 0 
130 1102 0 
426 1145 0 
204 69 0 
966 760 0 
740 64 0 
76 292 0 
716 540 0 
76 1015 0 
426 704 0 
856 1111 0 
1102 487 0 
747 11 0 
426 544 0 
713 807 0 
856 951 0 
966 932 0 
1026 1044 0 
856 605 0 
856 969 0 
24 490 0 
301 378 0 
945 327 0 
856 296 0 
856 935 0 
426 725 0 
856 366 0 
707 2 0 
856 319 0 
856 866 0 
856 681 0 
564 228 0 
856 517 0 
966 498 0 
966 881 0 
856 116 0 
130 1109 0 
747 915 0 
426 536 0 
75 80 0 
426 805 0 
436 742 0 
1062 303 0 
75 299 0 
76 694 0 
75 107 0 
856 375 0 
204 524 0 
856 717 0 
856 985 0 
856 200 0 
426 440 0 
856 271 0 
889 611 0 
830 290 0 
856 362 0 
908 65 0 
121 26 0 
554 330 0 
383 1128 0 
856 1010 0 
76 891 0 
856 280 0 
1062 34 0 
42 300 0 
1062 648 0 
76 1144 0 
76 80 0 
76 902 0 
564 527 0 
167 314 0 
867 333 0 
856 103 0 
856 128 0 
564 616 0 
856 1076 0 
76 986 0 
76 1130 0 
76 558 0 
856 828 0 
75 753 0 
721 591 0 
75 708 0 
190 663 0 
856 1147 0 
426 584 0 
75 867 0 
347 25 0 
856 1104 0 
76 492 0 
76 699 0 
130 26 0 
76 539 0 
856 847 0 
834 77 0 
747 903 0 
856 326 0 
104 423 0 
1131 118 0 
130 122 0 
856 1146 0 
76 1154 0 
856 768 0 
76 791 0 
1041 433 0 
76 665 0 
856 683 0 
720 703 0 
856 216 0 
638 227 0 
76 527 0 
856 996 0 
637 765 0 
856 167 0 
783 653 0 
966 242 0 
856 814 0 
60 733 0 
856 243 0 
76 404 0 
638 373 0 
363 925 0 
856 1173 0 
835 296 0 
856 912 0 
564 146 0 
966 851 0 
741 1173 0 
638 270 0 
966 167 0 
75 243 0 
1062 1124 0 
359 688 0 
426 49 0 
76 1087 0 
1026 248 0 
76 497 0 
856 544 0 
130 619 0 
856 524 0 
76 663 0 
426 33 0 
856 530 0 
856 402 0 
779 312 0 
76 1067 0 
856 150 0 
76 1074 0 
158 491 0 
76 385 0 
82 418 0 
856 234 0 
856 144 0 
276 810 0 
856 909 0 
856 69 0 
856 61 0 
856 1181 0 
779 788 0 
1026 327 0 
834 1075 0 
426 527 0 
747 758 0 
1062 937 0 
76 30 0 
76 83 0 
76 185 0 
18 616 0 
856 732 0 
856 858 0 
856 863 0 
76 1164 0 
140 70 0 
76 925 0 
856 983 0 
76 751 0 
856 316 0 
856 34 0 
856 1044 0 
1169 424 0 
564 452 0 
882 798 0 
426 193 0 
76 1070 0 
18 967 0 
426 433 0 
856 332 0 
856 931 0 
856 344 0 
856 253 0 
856 179 0 
830 942 0 
856 594 0 
60 58 0 
76 1139 0 
856 872 0 
130 14 0 
416 967 0 
76 474 0 
1136 1137 0 
856 654 0 
856 78 0 
747 1012 0 
76 786 0 
140 623 0 
76 180 0 
856 757 0 
76 27 0 
856 94 0 
75 60 0 
564 446 0 
966 1033 0 
720 86 0 
856 737 0 
1102 342 0 
1062 610 0 
1026 991 0 
856 339 0 
76 865 0 
416 124 0 
363 326 0 
856 382 0 
76 216 0 
856 196 0 
856 974 0 
414 497 0 
76 734 0 
76 526 0 
913 110 0 
1026 463 0 
165 8 0 
966 10 0 
76 250 0 
779 151 0 
668 476 0 
856 188 0 
76 1090 0 
76 1180 0 
76 623 0 
856 698 0 
44 1151 0 
856 462 0 
856 857 0 
856 661 0 
76 1044 0 
76 67 0 
856 508 0 
459 345 0 
856 60 0 
856 564 0 
75 5 0 
204 401 0 
1058 887 0 
1102 663 0 
76 140 0 
637 999 0 
1062 1066 0 
856 284 0 
76 134 0 
1106 503 0 
76 795 0 
747 655 0 
1155 445 0 
82 563 0 
889 803 0 
76 860 0 
856 152 0 
42 198 0 
426 265 0 
147 781 0 
906 305 0 
76 362 0 
140 917 0 
344 318 0 
779 381 0 
426 1033 0 
76 924 0 
75 929 0 
856 539 0 
76 661 0 
856 481 0 
75 326 0 
416 894 0 
898 1096 0 
856 775 0 
416 623 0 
856 1101 0 
459 36 0 
856 589 0 
856 381 0 
76 209 0 
638 44 0 
76 387 0 
564 623 0 
564 153 0 
856 40 0 
856 479 0 
76 722 0 
1063 137 0 
1046 653 0 
372 618 0 
459 706 0 
637 603 0 
1155 471 0 
856 98 0 
856 496 0 
638 17 0 
44 1158 0 
1062 55 0 
76 749 0 
856 209 0 
638 567 0 
637 191 0 
76 940 0 
856 1169 0 
856 916 0 
564 406 0 
344 604 0 
1035 642 0 
966 454 0 
856 461 0 
856 751 0 
1026 598 0 
856 157 0 
60 323 0 
394 682 0 
747 1008 0 
436 1152 0 
344 842 0 
747 440 0 
856 570 0 
856 235 0 
856 228 0 
779 2 0 
1026 184 0 
856 65 0 
747 891 0 
76 905 0 
856 538 0 
130 30 0 
779 1018 0 
856 305 0 
856 630 0 
885 469 0 
76 325 0 
856 1026 0 
856 873 0 
76 1055 0 
18 145 0 
754 122 0 
582 680 0 
76 260 0 
856 583 0 
204 1047 0 
747 403 0 
856 208 0 
458 853 0 
426 739 0 
76 852 0 
856 1141 0 
76 834 0 
747 987 0 
1026 192 0 
213 329 0 
359 399 0 
24 991 0 
130 508 0 
401 762 0 
76 935 0 
908 322 0 
856 940 0 
610 142 0 
856 837 0 
549 864 0 
426 399 0 
76 17 0 
747 941 0 
75 3 0 
76 731 0 
856 597 0 
76 324 0 
856 1083 0 
856 281 0 
856 830 0 
856 535 0 
76 1023 0 
76 1054 0 
426 228 0 
426 141 0 
856 621 0 
856 1 0 
638 363 0 
1155 417 0 
426 18 0 
76 919 0 
856 245 0 
856 443 0 
76 1165 0 
76 861 0 
638 606 0 
856 322 0 
121 596 0 
130 428 0 
856 360 0 
1026 341 0 
856 923 0 
856 939 0 
908 501 0 
1043 270 0 
44 347 0 
779 325 0 
856 1067 0 
856 207 0 
779 54 0 
1026 361 0 
363 248 0 
76 378 0 
856 577 0 
75 1119 0 
130 698 0 
856 1134 0 
75 295 0 
564 70 0 
637 431 0 
76 1034 0 
416 645 0 
856 293 0 
856 812 0 
856 161 0 
76 10 0 
121 912 0 
76 943 0 
426 677 0 
414 151 0 
76 419 0 
856 723 0 
856 767 0 
856 687 0 
76 107 0 
75 373 0 
856 13 0 
856 64 0 
416 667 0 
60 302 0 
76 569 0 
966 366 0 
882 401 0 
76 123 0 
747 322 0 
856 238 0 
1155 1085 0 
1143 337 0 
76 967 0 
856 571 0 
856 587 0 
76 514 0 
167 50 0 
44 768 0 
856 671 0 
44 484 0 
76 199 0 
638 341 0 
917 499 0 
1062 1001 0 
426 888 0 
44 1015 0 
372 999 0 
856 346 0 
76 295 0 
76 358 0 
130 1034 0 
856 392 0 
204 1139 0 
416 597 0 
1026 241 0 
76 429 0 
966 739 0 
856 73 0 
917 860 0 
487 342 0 
459 142 0 
76 210 0 
856 666 0 
625 0 0 
638 909 0 
638 543 0 
856 835 0 
779 157 0 
856 100 0 
1026 147 0 
856 659 0 
76 904 0 
966 1167 0 
75 821 0 
747 474 0 
76 1084 0 
856 809 0 
75 58 0 
76 1098 0 
76 166 0 
1062 406 0 
76 698 0 
426 745 0 
856 11 0 
1026 605 0 
76 584 0 
856 518 0 
856 190 0 
856 1159 0 
76 1166 0 
363 1084 0 
230 789 0 
411 712 0 
856 163 0 
76 212 0 
638 802 0 
75 327 0 
76 530 0 
75 978 0 
76 59 0 
426 389 0 
75 926 0 
856 1139 0 
856 961 0 
966 960 0 
513 1094 0 
564 847 0 
1 1085 0 
966 689 0 
426 1060 0 
856 529 0 
75 646 0 
359 474 0 
426 602 0 
637 972 0 
76 149 0 
637 220 0 
76 1016 0 
44 923 0 
76 146 0 
76 229 0 
856 1098 0 
426 204 0 
138 656 0 
856 155 0 
359 677 0 
638 656 0 
459 211 0 
76 364 0 
76 1024 0 
426 407 0 
856 726 0 
747 881 0 
966 903 0 
747 544 0 
75 267 0 
1062 149 0 
779 63 0 
344 1047 0 
1106 961 0 
76 890 0 
204 297 0 
856 83 0 
856 789 0 
426 967 0 
76 101 0 
1155 133 0 
44 537 0 
856 877 0 
856 1042 0 
1080 308 0 
747 33 0 
12 961 0 
44 110 0 
167 289 0 
638 807 0 
44 162 0 
747 921 0 
76 674 0 
654 1016 0 
230 829 0 
856 724 0 
416 70 0 
589 924 0 
856 801 0 
76 671 0 
638 892 0 
426 564 0 
75 127 0 
120 593 0 
856 215 0 
564 1175 0 
76 917 0 
60 573 0 
76 961 0 
856 324 0 
44 532 0 
865 219 0 
638 194 0 
856 755 0 
638 668 0 
75 369 0 
76 799 0 
856 458 0 
76 740 0 
1026 1181 0 
754 939 0 
779 980 0 
856 121 0 
856 212 0 
966 908 0 
1137 468 0 
856 19 0 
76 117 0 
638 241 0 
1026 892 0 
500 910 0 
1174 365 0 
637 880 0 
76 1052 0 
1121 718 0 
707 317 0 
856 684 0 
711 1000 0 
1106 1111 0 
747 380 0 
747 513 0 
856 622 0 
1062 853 0 
531 371 0 
707 817 0 
204 903 0 
856 645 0 
76 290 0 
638 580 0 
1136 553 0 
75 71 0 
426 667 0 
564 211 0 
426 158 0 
76 648 0 
76 579 0 
75 542 0 
426 613 0 
414 312 0 
856 612 0 
856 566 0 
856 900 0 
856 999 0 
856 108 0 
856 669 0 
75 268 0 
76 947 0 
637 759 0 
76 353 0 
375 984 0 
637 179 0 
610 413 0 
76 1048 0 
999 450 0 
564 731 0 
130 487 0 
75 1055 0 
1 417 0 
359 160 0 
966 921 0 
856 554 0 
76 280 0 
60 695 0 
426 1082 0 
172 73 0 
76 910 0 
76 760 0 
448 657 0 
75 313 0 
76 422 0 
1026 1088 0 
76 379 0 
75 279 0 
856 548 0 
500 642 0 
856 875 0 
779 1142 0 
779 673 0 
856 958 0 
856 725 0 
856 1037 0 
1026 490 0 
856 549 0 
75 721 0 
638 1158 0 
1026 799 0 
466 1152 0 
426 72 0 
1026 1151 0 
667 145 0 
76 531 0 
1062 375 0 
1026 74 0 
1062 894 0 
372 331 0 
76 825 0 
76 713 0 
856 882 0 
856 977 0 
208 911 0 
276 300 0 
637 930 0 
747 1160 0 
76 41 0 
76 194 0 
779 1174 0 
856 1172 0 
75 694 0 
76 995 0 
790 910 0 
856 254 0 
856 1120 0 
856 501 0 
898 970 0 
344 584 0 
76 619 0 
426 292 0 
856 119 0 
966 430 0 
60 546 0 
856 779 0 
216 254 0 
779 360 0 
60 272 0 
130 1089 0 
1062 70 0 
1062 413 0 
76 1003 0 
1159 758 0 
76 202 0 
1062 820 0 
75 244 0 
1062 555 0 
76 235 0 
856 125 0 
76 537 0 
856 1112 0 
76 803 0 
76 746 0 
426 273 0 
76 1110 0 
1169 1111 0 
76 839 0 
1062 536 0 
856 1128 0 
130 836 0 
1026 24 0 
1026 243 0 
426 897 0 
856 917 0 
75 634 0 
466 742 0 
426 142 0 
76 952 0 
954 834 0 
966 403 0 
76 440 0 
372 603 0 
779 425 0 
856 543 0 
856 36 0 
638 1168 0 
426 242 0 
76 314 0 
75 74 0 
830 118 0 
416 142 0 
76 275 0 
638 781 0 
856 602 0 
76 1073 0 
75 1081 0 
76 302 0 
76 215 0 
966 1012 0 
856 626 0 
76 3 0 
856 568 0 
1106 12 0 
426 1073 0 
76 909 0 
856 679 0 
856 1144 0 
564 957 0 
1164 1049 0 
716 37 0 
856 342 0 
856 504 0 
1026 711 0 
1026 295 0 
1026 80 0 
1174 928 0 
76 622 0 
76 469 0 
76 476 0 
716 1064 0 
1026 925 0 
76 1119 0 
140 820 0 
856 870 0 
865 472 0 
747 193 0 
76 60 0 
1062 645 0 
148 116 0 
76 673 0 
76 643 0 
1155 720 0 
856 924 0 
426 358 0 
76 1122 0 
856 997 0 
856 685 0 
856 998 0 
856 453 0 
1102 528 0 
76 1168 0 
856 772 0 
1106 481 0 
76 91 0 
856 133 0 
908 457 0 
75 147 0 
76 936 0 
779 833 0 
1062 981 0 
75 300 0 
1173 485 0 
856 738 0 
856 745 0 
76 174 0 
76 481 0 
76 775 0 
1041 1110 0 
747 547 0 
856 782 0 
416 413 0 
1026 729 0 
779 371 0 
76 716 0 
426 318 0 
892 657 0 
364 153 0 
856 365 0 
60 362 0 
75 775 0 
76 305 0 
426 1110 0 
204 1094 0 
76 571 0 
1164 267 0 
76 95 0 
1026 617 0 
76 886 0 
75 1112 0 
76 811 0 
76 726 0 
779 947 0 
856 226 0 
856 7 0 
856 42 0 
779 216 0 
856 854 0 
76 692 0 
1062 967 0 
230 94 0 
416 731 0 
638 361 0 
779 182 0 
856 1047 0 
1136 468 0 
76 71 0 
747 615 0 
204 1180 0 
856 320 0 
1026 542 0 
76 448 0 
747 1041 0 
856 1078 0 
230 166 0 
856 670 0 
856 731 0 
204 734 0 
637 993 0 
76 581 0 
263 218 0 
856 1086 0 
76 816 0 
744 989 0 
426 452 0 
76 130 0 
172 1030 0 
564 648 0 
1026 923 0 
966 758 0 
204 1012 0 
856 313 0 
856 191 0 
1026 93 0 
76 604 0 
720 173 0 
856 288 0 
638 367 0 
747 1057 0 
130 1165 0 
966 1133 0 
76 245 0 
416 88 0 
741 892 0 
76 200 0 
60 1112 0 
856 537 0 
1169 220 0 
266 358 0 
76 395 0 
24 812 0 
82 1090 0 
856 70 0 
76 1056 0 
1026 1128 0 
747 370 0 
172 611 0 
856 718 0 
76 809 0 
130 663 0 
1063 381 0 
76 79 0 
426 793 0 
856 937 0 
966 501 0 
75 658 0 
76 128 0 
856 1084 0 
1026 244 0 
638 283 0 
1026 337 0 
856 555 0 
747 714 0 
856 600 0 
76 968 0 
76 883 0 
426 881 0 
856 468 0 
564 633 0 
76 131 0 
856 1051 0 
564 20 0 
638 1143 0 
856 921 0 
76 1021 0 
747 665 0 
443 1107 0 
638 751 0 
167 693 0 
75 1050 0 
448 892 0 
856 715 0 
707 893 0 
856 396 0 
24 275 0 
747 805 0 
76 337 0 
76 157 0 
856 97 0 
747 725 0 
1026 862 0 
426 1160 0 
638 863 0 
1062 629 0 
747 932 0 
754 37 0 
1062 407 0 
638 1079 0 
76 82 0 
637 859 0 
1062 857 0 
1026 863 0 
966 798 0 
426 305 0 
426 183 0 
344 62 0 
1026 868 0 
75 1143 0 
856 560 0 
76 347 0 
1026 221 0 
747 604 0 
76 715 0 
638 768 0 
130 912 0 
856 699 0 
82 759 0 
76 706 0 
638 31 0 
856 269 0 
1106 717 0 
638 871 0 
741 448 0 
76 957 0 
570 1025 0 
189 1022 0 
75 989 0 
75 710 0 
999 280 0 
76 113 0 
76 765 0 
966 96 0 
856 220 0 
882 69 0 
638 244 0 
253 958 0 
966 45 0 
966 212 0 
856 244 0 
76 87 0 
707 877 0 
416 499 0 
856 1109 0 
204 370 0 
76 18 0 
426 119 0 
966 193 0 
426 1017 0 
76 677 0 
856 41 0 
856 55 0 
76 1137 0 
638 929 0 
75 935 0 
856 432 0 
1121 374 0 
564 536 0 
75 735 0 
426 79 0 
344 787 0 
76 511 0 
76 267 0 
76 490 0 
856 1069 0 
949 112 0 
76 681 0 
898 280 0 
579 842 0 
1026 519 0 
747 501 0 
637 558 0 
82 467 0 
728 1178 0 
638 729 0 
76 141 0 
76 51 0 
856 1017 0 
167 188 0 
1174 171 0 
75 574 0 
76 509 0 
24 580 0 
966 655 0 
76 105 0 
779 249 0 
638 600 0 
75 1048 0 
426 211 0 
75 337 0 
966 510 0 
426 11 0 
856 186 0 
1155 1011 0 
121 698 0 
76 403 0 
856 1006 0 
263 744 0 
1062 985 0 
710 964 0 
856 926 0 
710 675 0 
638 100 0 
44 25 0 
747 842 0 
75 919 0 
76 61 0 
856 576 0 
999 618 0 
426 95 0 
966 872 0 
856 1068 0 
76 876 0 
954 644 0 
177 160 0 
76 11 0 
856 843 0 
1062 145 0 
564 597 0 
856 77 0 
76 153 0 
121 236 0 
966 79 0 
76 729 0 
856 623 0 
204 544 0 
76 406 0 
1131 290 0 
637 352 0 
76 410 0 
856 559 0 
75 490 0 
76 498 0 
75 868 0 
856 1091 0 
856 336 0 
76 307 0 
76 257 0 
856 286 0 
426 787 0 
564 85 0 
564 746 0 
230 1013 0 
466 1153 0 
76 551 0 
966 330 0 
741 782 0 
76 370 0 
75 283 0 
856 727 0 
856 901 0 
638 369 0 
426 688 0 
856 624 0 
1026 288 0 
76 138 0 
1026 532 0 
426 631 0 
638 989 0 
908 399 0 
638 744 0 
538 122 0 
75 920 0 
638 168 0 
426 513 0 
1026 511 0 
75 1158 0 
426 831 0 
75 296 0 
856 1033 0 
76 920 0 
1026 1007 0 
966 677 0 
881 33 0 
75 778 0 
263 989 0 
76 449 0 
76 819 0 
76 926 0 
426 406 0 
856 176 0 
779 414 0 
564 499 0 
426 10 0 
1026 284 0 
966 640 0 
76 436 0 
44 828 0 
856 219 0 
564 149 0 
426 906 0 
1063 854 0 
1062 843 0 
637 467 0 
1026 78 0 
76 1080 0 
856 573 0 
466 642 0 
372 525 0 
966 1061 0 
856 680 0 
18 1134 0 
1026 321 0 
394 675 0 
426 330 0 
856 413 0 
564 555 0 
856 408 0 
779 761 0 
564 937 0 
76 773 0 
76 827 0 
76 1121 0 
76 565 0 
856 596 0 
638 659 0 
625 818 0 
747 1110 0 
75 1127 0 
76 1109 0 
991 490 0 
76 424 0 
779 1101 0 
76 1057 0 
856 936 0 
359 322 0 
76 186 0 
856 930 0 
1026 656 0 
76 460 0 
856 459 0 
1026 326 0 
785 1180 0 
76 506 0 
722 54 0 
426 672 0 
208 548 0 
426 1083 0 
76 591 0 
76 66 0 
426 65 0 
856 700 0 
75 472 0 
856 765 0 
76 858 0 
638 646 0 
856 345 0 
856 300 0 
230 540 0 
546 1081 0 
856 1178 0 
18 555 0 
856 693 0 
426 403 0 
966 665 0 
363 588 0 
76 1012 0 
416 631 0 
856 634 0 
448 66 0 
856 107 0 
1026 197 0 
856 945 0 
76 394 0 
856 112 0 
856 817 0 
856 218 0 
76 446 0 
1155 154 0 
130 91 0 
263 929 0 
747 905 0 
76 243 0 
638 52 0 
564 88 0 
856 906 0 
416 480 0 
75 657 0 
601 252 0 
140 1099 0 
856 651 0 
76 109 0 
76 1133 0 
1033 1145 0 
856 222 0 
856 720 0 
747 798 0 
426 693 0 
75 7 0 
747 934 0 
966 1057 0 
734 1047 0 
426 453 0 
76 938 0 
811 367 0 
75 1010 0 
1026 319 0 
856 1095 0 
856 115 0 
76 689 0 
75 748 0 
75 287 0 
76 906 0 
75 135 0 
856 871 0 
825 1092 0 
856 101 0 
204 995 0 
856 1066 0 
856 613 0 
44 490 0 
76 981 0 
76 89 0 
856 192 0 
426 872 0 
82 972 0 
75 627 0 
966 734 0 
638 284 0 
856 528 0 
76 828 0 
966 65 0 
856 491 0 
76 222 0 
76 241 0 
667 6 0 
76 437 0 
761 715 0 
790 813 0 
75 24 0 
966 941 0 
426 645 0 
76 789 0 
638 484 0 
253 850 0 
766 379 0 
75 516 0 
359 95 0 
856 416 0 
76 363 0 
856 703 0 
720 445 0 
856 385 0 
621 136 0 
94 354 0 
75 443 0 
76 112 0 
75 907 0 
747 1033 0 
856 1058 0 
76 1171 0 
638 448 0 
76 738 0 
76 721 0 
204 941 0 
856 1013 0 
570 816 0 
720 92 0 
1026 543 0 
638 868 0 
856 343 0 
76 74 0 
76 4 0 
493 700 0 
75 448 0 
76 495 0 
548 304 0 
856 604 0 
747 314 0 
76 650 0 
76 704 0 
856 821 0 
76 159 0 
856 49 0 
44 1088 0 
75 598 0 
426 649 0 
783 233 0 
34 119 0 
426 454 0 
892 782 0 
44 113 0 
347 606 0 
76 548 0 
1026 52 0 
638 271 0 
76 1173 0 
856 141 0 
637 1162 0 
414 246 0 
1169 47 0 
76 686 0 
75 1053 0 
856 941 0 
856 341 0 
856 628 0 
204 758 0 
1155 28 0 
44 662 0 
76 482 0 
610 585 0 
856 1053 0 
75 57 0 
1063 475 0 
856 347 0 
76 285 0 
966 399 0 
564 1122 0 
747 50 0 
373 221 0 
856 1171 0 
779 1140 0 
76 372 0 
76 878 0 
76 922 0 
1026 363 0 
1062 102 0 
966 1145 0 
76 345 0 
856 315 0 
75 186 0 
638 1084 0 
747 453 0 
75 476 0 
966 762 0 
638 66 0 
75 194 0 
966 188 0 
856 729 0 
426 629 0 
76 412 0 
856 290 0 
426 340 0 
121 663 0 
747 454 0 
856 395 0 
76 1123 0 
966 289 0 
1062 1060 0 
856 1035 0 
394 778 0 
783 99 0 
1035 910 0 
856 149 0 
638 590 0 
76 1114 0 
638 294 0 
76 895 0 
44 991 0 
856 242 0 
285 320 0 
856 1165 0 
638 943 0 
856 603 0 
637 1106 0 
76 701 0 
638 974 0 
76 849 0 
637 47 0 
76 350 0 
76 676 0 
1026 384 0 
1026 261 0 
716 428 0 
779 437 0 
638 799 0 
1026 1107 0 
1102 278 0 
856 848 0 
76 50 0 
426 838 0 
908 403 0 
950 948 0 
76 788 0 
856 953 0 
638 657 0 
1155 152 0 
75 394 0 
76 1181 0 
76 313 0 
76 753 0 
856 546 0 
76 259 0 
44 936 0 
638 287 0 
1026 807 0 
130 222 0 
208 73 0 
856 759 0 
426 937 0 
856 1021 0 
426 969 0 
856 864 0 
416 1157 0 
564 145 0 
1026 138 0 
856 860 0 
75 675 0 
1026 367 0 
76 662 0 
964 302 0 
76 875 0 
75 964 0 
76 188 0 
204 699 0 
637 234 0 
1062 1115 0 
76 1032 0 
999 970 0 
76 574 0 
856 844 0 
856 1094 0 
1062 901 0 
856 643 0 
76 144 0 
856 928 0 
638 138 0 
944 2 0 
75 828 0 
76 40 0 
76 1125 0 
856 710 0 
856 565 0 
75 257 0 
856 899 0 
856 886 0 
75 284 0 
76 357 0 
76 587 0 
856 498 0 
204 399 0 
76 964 0 
710 907 0 
856 1110 0 
747 401 0 
426 38 0 
426 447 0 
665 199 0 
855 780 0 
856 832 0 
811 668 0 
426 932 0 
76 317 0 
966 199 0 
638 262 0 
76 196 0 
76 944 0 
1155 103 0 
76 945 0 
966 33 0 
734 440 0 
856 578 0 
121 487 0 
76 613 0 
76 728 0 
1026 936 0 
1002 833 0 
747 997 0 
856 547 0 
1026 659 0 
76 48 0 
76 377 0 
426 616 0 
75 210 0 
740 3 0 
856 879 0 
426 289 0 
76 538 0 
75 849 0 
1026 580 0 
76 181 0 
856 160 0 
60 48 0 
75 582 0 
76 836 0 
856 859 0 
167 992 0 
856 354 0 
448 1044 0 
1026 567 0 
856 90 0 
865 362 0 
76 1092 0 
856 736 0 
42 840 0 
416 353 0 
75 507 0 
856 47 0 
426 277 0 
60 180 0 
76 867 0 
493 196 0 
204 762 0 
75 537 0 
638 476 0 
954 626 0 
76 278 0 
856 770 0 
856 86 0 
1026 482 0 
426 160 0 
76 501 0 
856 1030 0 
637 1111 0 
76 1094 0 
856 788 0 
856 302 0 
76 1035 0 
856 438 0 
171 365 0 
426 23 0 
76 646 0 
710 504 0 
856 359 0 
779 931 0 
76 231 0 
76 628 0 
966 793 0 
1026 858 0 
856 1048 0 
856 846 0 
779 883 0 
856 1174 0 
76 949 0 
76 927 0 
856 705 0 
426 27 0 
856 482 0 
76 1065 0 
76 557 0 
856 822 0 
638 464 0 
76 1151 0 
426 427 0 
75 248 0 
76 487 0 
76 118 0 
76 958 0 
1026 1080 0 
75 600 0 
75 270 0 
76 1161 0 
76 528 0 
865 1081 0 
856 44 0 
856 989 0 
856 733 0 
47 801 0 
856 1151 0 
564 459 0 
720 391 0 
130 121 0 
76 371 0 
76 1030 0 
856 967 0 
1179 563 0 
75 573 0 
948 1163 0 
1026 751 0 
856 707 0 
779 250 0 
76 911 0 
75 532 0 
856 301 0 
966 1110 0 
76 848 0 
856 423 0 
76 423 0 
856 889 0 
966 831 0 
856 987 0 
401 798 0 
856 959 0 
638 858 0 
856 164 0 
60 472 0 
856 1154 0 
75 512 0 
76 45 0 
856 1007 0 
76 425 0 
76 1018 0 
1035 1153 0 
121 342 0 
856 708 0 
76 451 0 
204 359 0 
76 999 0 
716 144 0 
75 763 0 
1106 904 0 
76 164 0 
426 857 0 
416 745 0 
856 855 0 
783 112 0 
1026 945 0 
76 932 0 
856 48 0 
75 302 0 
637 910 0 
1026 25 0 
637 1169 0 
856 934 0 
197 574 0 
856 819 0 
856 802 0 
76 248 0 
856 910 0 
1155 687 0 
779 877 0 
1063 202 0 
75 1147 0 
76 844 0 
856 357 0 
856 633 0 
76 336 0 
416 72 0 
966 440 0 
75 385 0 
76 29 0 
779 506 0 
747 960 0 
589 1092 0 
82 343 0 
856 117 0 
856 925 0 
76 541 0 
856 946 0 
707 246 0 
856 1140 0 
76 654 0 
76 1001 0 
426 959 0 
426 332 0 
747 49 0 
76 361 0 
76 433 0 
747 332 0 
75 923 0 
625 572 0 
638 1088 0 
856 1003 0 
1062 527 0 
638 186 0 
966 11 0 
426 843 0 
76 767 0 
76 1134 0 
76 432 0 
75 879 0 
966 1082 0 
856 632 0 
856 428 0 
1062 597 0 
1055 1181 0 
76 978 0 
426 1167 0 
426 905 0 
426 480 0 
856 31 0 
426 984 0 
954 240 0 
426 670 0 
76 386 0 
363 646 0 
76 507 0 
707 839 0 
1062 897 0 
76 841 0 
216 449 0 
638 1044 0 
75 982 0 
966 613 0 
82 902 0 
564 1134 0 
856 497 0 
747 289 0 
856 827 0 
637 742 0 
76 132 0 
856 287 0 
76 525 0 
856 56 0 
1102 927 0 
856 913 0 
966 351 0 
416 20 0 
1087 1157 0 
253 176 0 
856 75 0 
721 245 0 
856 1049 0 
747 38 0 
416 1134 0 
76 707 0 
966 50 0 
856 129 0 
76 390 0 
966 905 0 
75 580 0 
747 767 0 
741 659 0 
856 236 0 
966 340 0 
76 25 0 
740 879 0 
856 348 0 
966 992 0 
856 248 0 
856 441 0 
779 531 0 
856 142 0 
448 1053 0 
76 953 0 
747 1073 0 
856 692 0 
1026 369 0 
856 569 0 
76 806 0 
204 831 0 
426 615 0 
1026 846 0 
856 28 0 
856 486 0 
908 277 0 
94 122 0 
388 87 0 
754 538 0 
416 452 0 
253 196 0 
697 703 0 
1002 157 0 
637 161 0 
204 882 0 
856 1160 0 
856 580 0 
856 849 0 
76 656 0 
426 714 0 
856 23 0 
76 401 0 
44 807 0 
908 688 0 
856 38 0 
856 982 0 
76 326 0 
856 178 0 
856 881 0 
856 213 0 
856 363 0 
637 1152 0 
426 20 0 
856 371 0 
426 413 0 
856 1125 0 
954 994 0 
76 127 0 
76 600 0 
277 934 0 
44 606 0 
741 1029 0 
394 1112 0 
76 519 0 
76 439 0 
856 480 0 
966 204 0 
372 898 0 
1063 686 0 
638 78 0 
75 782 0 
743 632 0 
856 32 0 
426 876 0 
856 132 0 
60 968 0 
637 904 0 
19 360 0 
779 479 0 
140 20 0 
856 62 0 
856 173 0 
76 695 0 
172 441 0 
1026 916 0 
1164 239 0 
121 836 0 
76 341 0 
426 699 0 
75 713 0 
856 620 0 
204 760 0 
24 1088 0 
747 334 0 
779 395 0 
707 486 0 
856 331 0 
76 167 0 
856 1009 0 
426 1027 0 
76 763 0 
856 1119 0 
1055 858 0 
75 1149 0 
564 704 0 
856 137 0 
966 1017 0 
76 570 0 
856 18 0 
754 91 0 
208 304 0 
699 544 0 
856 79 0 
76 830 0 
426 1094 0 
856 734 0 
76 73 0 
76 53 0 
76 115 0 
75 192 0 
276 996 0 
637 306 0 
426 70 0 
426 207 0 
76 1112 0 
24 162 0 
856 87 0 
76 688 0 
416 629 0 
726 439 0 
344 447 0 
76 351 0 
779 545 0 
856 763 0 
856 660 0 
75 485 0 
204 689 0 
1062 1069 0 
75 178 0 
954 134 0 
856 791 0 
75 1016 0 
416 585 0 
1026 606 0 
60 964 0 
1106 460 0 
1164 821 0 
856 804 0 
856 72 0 
856 143 0 
1062 117 0 
856 552 0 
779 608 0 
1062 211 0 
75 835 0 
856 303 0 
564 565 0 
754 718 0 
414 317 0 
1026 740 0 
76 680 0 
856 862 0 
76 111 0 
76 939 0 
856 194 0 
76 639 0 
76 555 0 
204 95 0 
75 1080 0 
76 90 0 
1170 786 0 
638 748 0 
1026 641 0 
75 606 0 
966 1095 0 
856 650 0 
966 1039 0 
445 837 0 
416 1122 0 
263 871 0 
426 510 0 
637 819 0 
426 842 0 
75 1137 0 
426 515 0 
76 283 0 
856 593 0 
856 908 0 
76 7 0 
276 198 0 
917 1099 0 
637 1096 0 
856 1085 0 
75 78 0 
1026 750 0 
783 559 0 
908 454 0 
75 567 0 
1026 887 0 
1026 294 0 
638 1015 0 
966 389 0 
76 903 0 
564 894 0 
76 503 0 
76 941 0 
589 825 0 
76 761 0 
44 1123 0 
1174 884 0 
779 722 0 
1062 667 0 
747 141 0 
416 917 0 
130 528 0 
966 797 0 
856 933 0 
1026 654 0 
76 1033 0 
747 1139 0 
24 200 0 
459 413 0 
76 224 0 
741 66 0 
75 1054 0 
426 459 0 
130 716 0 
130 230 0 
76 488 0 
75 31 0 
856 404 0 
344 579 0 
426 665 0 
856 1004 0 
76 666 0 
747 1082 0 
856 956 0 
394 841 0 
856 701 0 
652 313 0 
76 163 0 
856 1023 0 
76 330 0 
856 177 0 
24 113 0 
344 903 0 
638 519 0 
76 642 0 
707 946 0 
856 1129 0 
76 228 0 
856 902 0 
75 1049 0 
426 145 0 
779 806 0 
76 768 0 
966 747 0 
76 769 0 
856 647 0 
747 1145 0 
779 1065 0 
416 305 0 
1026 347 0 
856 294 0 
882 762 0 
76 583 0 
856 610 0 
856 1123 0 
638 925 0 
564 667 0 
638 482 0 
637 1031 0 
76 893 0 
121 528 0 
856 714 0 
966 1041 0 
856 430 0 
426 1175 0 
779 928 0 
638 532 0 
76 984 0 
414 893 0 
747 524 0 
76 1072 0 
991 1015 0 
76 918 0 
564 128 0 
75 810 0 
856 39 0 
638 1123 0 
426 375 0 
638 1147 0 
638 926 0 
1121 716 0 
856 973 0 
637 343 0 
167 53 0 
1062 1087 0 
1106 179 0 
699 397 0 
76 255 0 
60 624 0 
1026 484 0 
637 764 0 
856 406 0 
856 883 0 
856 599 0 
24 57 0 
856 151 0 
76 24 0 
1062 623 0 
372 902 0 
76 1172 0 
1155 155 0 
493 1135 0 
856 377 0 
747 739 0 
76 653 0 
564 6 0 
747 183 0 
856 972 0 
856 37 0 
720 470 0 
76 6 0 
76 218 0 
966 277 0 
372 280 0 
76 901 0 
75 87 0 
76 611 0 
856 558 0 
856 1093 0 
966 170 0 
1062 128 0 
856 440 0 
76 119 0 
76 1120 0 
747 177 0 
1026 135 0 
1026 476 0 
966 380 0 
76 125 0 
363 729 0 
76 517 0 
75 44 0 
856 646 0 
76 176 0 
1026 1123 0 
1013 144 0 
1136 224 0 
426 353 0 
172 803 0 
76 907 0 
1062 438 0 
856 140 0 
76 516 0 
426 1115 0 
1062 565 0 
638 683 0 
747 613 0 
856 390 0 
75 361 0 
637 12 0 
638 846 0 
76 47 0 
1046 1126 0 
856 1054 0 
638 489 0 
747 872 0 
76 710 0 
363 61 0 
76 158 0 
76 644 0 
779 181 0 
966 332 0 
76 1143 0 
966 474 0 
44 326 0 
856 968 0 
856 515 0 
76 742 0 
856 796 0 
570 350 0 
75 496 0 
416 610 0 
75 695 0 
76 744 0 
856 350 0 
856 329 0 
638 828 0 
426 963 0 
426 170 0 
856 1105 0 
966 997 0 
76 1031 0 
76 356 0 
1026 657 0 
76 447 0 
76 121 0 
966 934 0 
564 13 0 
856 1028 0 
76 178 0 
76 57 0 
373 858 0 
230 1165 0 
856 88 0 
253 626 0 
754 144 0 
638 588 0 
76 63 0 
564 578 0 
728 311 0 
966 322 0 
76 996 0 
779 8 0 
76 457 0 
856 340 0 
856 829 0 
76 36 0 
76 563 0 
966 539 0 
779 150 0 
856 502 0 
60 710 0 
76 473 0 
754 526 0 
856 1114 0 
856 397 0 
78 200 0 
76 49 0 
856 51 0 
75 384 0 
75 367 0 
1131 356 0 
76 640 0 
76 831 0 
140 499 0 
809 315 0 
394 323 0 
856 388 0 
966 62 0 
76 382 0 
75 420 0 
754 1172 0 
1026 68 0 
1026 768 0 
1026 1158 0 
1155 15 0 
1106 47 0 
75 590 0 
1062 917 0 
1136 239 0 
377 267 0 
1035 386 0 
76 1076 0 
1121 1172 0 
867 390 0 
637 461 0 
1174 931 0 
856 429 0 
60 394 0 
76 1060 0 
1026 110 0 
76 588 0 
76 78 0 
1026 744 0 
355 869 0 
856 255 0 
856 1045 0 
363 617 0 
856 21 0 
75 100 0 
76 1089 0 
75 1151 0 
856 992 0 
76 817 0 
76 277 0 
966 1083 0 
76 974 0 
416 407 0 
76 892 0 
75 852 0 
76 1176 0 
426 124 0 
564 1032 0 
76 859 0 
76 226 0 
838 408 0 
966 513 0 
76 1078 0 
1026 373 0 
75 991 0 
917 88 0 
856 420 0 
130 927 0 
811 606 0 
564 140 0 
1155 126 0 
76 414 0 
1164 107 0 
1062 427 0 
75 986 0 
856 170 0 
75 1076 0 
44 799 0 
1062 36 0 
966 636 0 
204 520 0 
610 345 0 
856 965 0 
1026 113 0 
76 658 0 
76 602 0 
94 1067 0 
856 24 0 
372 444 0 
856 810 0 
1026 776 0 
76 638 0 
285 349 0 
426 1001 0 
754 643 0 
76 812 0 
76 360 0 
426 177 0 
856 588 0 
75 1138 0 
75 321 0 
75 858 0 
426 6 0 
171 98 0 
638 1166 0 
638 1004 0 
204 483 0 
76 1009 0 
564 843 0 
1169 503 0 
944 151 0 
76 1071 0 
625 870 0 
76 1103 0 
76 921 0 
76 975 0 
76 700 0 
856 592 0 
638 275 0 
908 1139 0 
76 409 0 
253 493 0 
82 525 0 
966 767 0 
564 1176 0 
966 699 0 
76 1124 0 
638 978 0 
856 527 0 
1027 876 0 
344 440 0 
76 332 0 
426 758 0 
204 584 0 
1164 209 0 
1041 1073 0 
76 660 0 
856 952 0 
720 1093 0 
856 180 0 
44 227 0 
426 1134 0 
466 813 0 
76 94 0 
76 923 0 
637 898 0 
75 690 0 
76 373 0 
779 217 0 
76 463 0 
856 1074 0 
204 33 0 
1155 187 0 
76 389 0 
966 53 0 
372 880 0 
707 63 0 
707 83 0 
75 588 0 
856 1133 0 
140 407 0 
76 349 0 
1026 713 0 
1062 1122 0 
856 1090 0 
856 1000 0 
720 796 0 
76 972 0 
856 976 0 
856 840 0 
637 432 0 
76 846 0 
426 1070 0 
177 688 0 
416 117 0 
60 735 0 
856 780 0 
856 897 0 
76 464 0 
856 123 0 
76 162 0 
1026 162 0 
76 880 0 
637 500 0 
75 511 0 
1062 1175 0 
167 242 0 
253 561 0 
75 571 0 
856 276 0 
638 775 0 
426 96 0 
130 596 0 
589 392 0 
459 585 0 
564 820 0 
76 408 0 
276 647 0 
856 223 0 
76 407 0 
856 270 0 
416 140 0 
76 545 0 
76 1158 0 
426 706 0 
856 895 0 
856 469 0 
564 860 0 
856 153 0 
856 182 0 
856 162 0 
76 616 0 
1062 602 0 
426 1066 0 
76 365 0 
148 1092 0 
1026 123 0 
865 180 0 
426 798 0 
1121 144 0 
638 218 0 
76 718 0 
856 214 0 
76 1102 0 
856 473 0 
426 235 0 
75 197 0 
76 1146 0 
76 182 0 
564 827 0 
426 731 0 
1026 1143 0 
856 639 0 
76 8 0 
856 995 0 
889 1021 0 
372 1116 0 
954 561 0 
76 468 0 
76 779 0 
130 166 0 
208 1098 0 
856 122 0 
76 1107 0 
754 1072 0 
856 455 0 
856 250 0 
811 347 0 
76 1025 0 
866 796 0 
564 897 0 
76 384 0 
76 596 0 
18 1122 0 
856 813 0 
856 954 0 
426 498 0 
76 805 0 
76 800 0 
1026 420 0 
638 221 0 
426 483 0 
189 418 0 
856 557 0 
76 1026 0 
1026 590 0 
76 739 0 
75 609 0 
991 420 0 
426 554 0 
76 458 0 
76 97 0 
1026 168 0 
747 498 0 
966 579 0 
76 733 0 
76 982 0 
344 520 0 
637 961 0 
856 127 0 
856 1072 0 
856 353 0 
856 391 0 
716 718 0 
204 358 0 
75 943 0 
1093 173 0 
1062 564 0 
76 899 0 
856 1122 0 
1130 810 0 
230 91 0 
167 1061 0 
311 1178 0 
493 404 0 
856 198 0 
75 357 0 
754 671 0 
856 640 0 
1026 1029 0 
1043 974 0 
856 1148 0 
856 298 0 
75 262 0 
76 737 0 
1062 364 0 
564 585 0 
856 57 0 
966 114 0 
75 184 0 
882 1160 0 
76 798 0 
783 593 0 
426 640 0 
76 931 0 
856 418 0 
253 994 0 
44 57 0 
966 160 0 
76 402 0 
856 76 0 
76 840 0 
747 447 0 
487 927 0 
426 366 0 
966 310 0 
966 1020 0 
856 865 0 
131 933 0 
966 49 0 
856 748 0 
1026 299 0 
752 430 0 
856 520 0 
426 339 0 
856 33 0 
637 813 0 
856 1011 0 
204 45 0 
204 403 0 
416 6 0 
130 139 0 
856 676 0 
1155 391 0 
856 988 0 
76 813 0 
966 876 0 
856 199 0 
811 484 0 
204 915 0 
130 1172 0 
76 486 0 
638 295 0 
426 382 0 
75 294 0 
76 1061 0 
76 151 0 
76 195 0 
394 624 0 
981 158 0 
856 246 0 
1026 287 0 
882 941 0 
426 474 0 
76 741 0 
75 751 0 
856 364 0 
76 1064 0 
426 140 0 
1026 753 0 
1062 6 0 
76 647 0 
707 497 0 
638 147 0 
856 6 0 
707 944 0 
76 956 0 
856 833 0 
411 1104 0 
856 258 0 
204 1017 0 
1062 847 0 
76 714 0 
76 759 0 
107 5 0 
720 187 0 
426 555 0 
856 247 0 
856 85 0 
856 929 0 
130 278 0 
856 333 0 
966 805 0 
1062 906 0 
856 283 0 
44 1084 0 
372 418 0 
76 165 0 
76 52 0 
856 405 0 
75 81 0 
44 751 0 
1164 609 0 
372 535 0 
564 345 0 
747 1047 0 
76 190 0 
359 1139 0 
76 598 0 
856 197 0 
1155 837 0 
811 476 0 
76 933 0 
743 612 0 
1026 662 0 
856 1097 0 
856 867 0 
204 334 0 
885 325 0 
1062 458 0 
426 903 0 
966 266 0 
394 935 0 
1062 159 0 
75 271 0 
1062 1070 0 
783 551 0 
75 711 0 
966 359 0 
966 9 0 
204 922 0 
76 320 0 
76 894 0 
1062 957 0 
856 616 0 
856 1176 0 
856 1155 0 
744 871 0 
1062 670 0 
856 169 0 
856 483 0 
60 504 0 
638 713 0 
251 612 0 
856 80 0 
999 331 0 
856 971 0 
779 98 0 
856 131 0 
638 812 0 
60 658 0 
856 994 0 
76 246 0 
426 894 0 
75 463 0 
426 983 0 
564 34 0 
856 885 0 
76 630 0 
747 358 0 
372 952 0 
44 1147 0 
856 1164 0 
1062 459 0 
637 214 0 
638 248 0 
130 1064 0 
779 844 0 
811 662 0 
75 387 0 
1062 578 0 
253 938 0 
1062 18 0 
1026 1168 0 
856 746 0 
372 972 0 
856 285 0 
856 1055 0 
204 62 0 
856 582 0 
426 1139 0 
856 667 0 
75 1114 0 
76 22 0 
747 579 0 
856 267 0 
76 427 0 
1062 142 0 
75 231 0 
856 920 0 
76 396 0 
1155 470 0 
76 843 0 
982 821 0 
76 398 0 
856 136 0 
754 716 0 
76 214 0 
44 812 0 
981 578 0 
76 934 0 
76 236 0 
130 789 0 
76 100 0 
76 822 0 
1155 1093 0 
172 732 0 
76 38 0 
856 541 0 
76 762 0 
44 420 0 
966 1027 0 
790 214 0 
856 735 0 
856 393 0 
856 1080 0 
76 282 0 
710 682 0 
783 462 0 
208 533 0 
75 1079 0 
1062 480 0 
1102 236 0 
75 315 0 
204 1008 0 
76 93 0 
76 418 0 
75 180 0 
75 61 0 
76 135 0 
637 535 0 
754 540 0 
75 346 0 
75 286 0 
856 495 0 
75 556 0 
75 1000 0 
856 159 0 
856 130 0 
1026 879 0 
60 1081 0 
856 256 0 
856 1031 0 
638 923 0 
459 527 0 
832 290 0 
426 767 0 
747 45 0 
856 896 0 
76 586 0 
564 124 0 
564 305 0 
394 710 0 
76 667 0 
856 92 0 
470 1091 0 
710 935 0 
75 1014 0 
638 57 0 
1015 162 0 
966 183 0 
1121 540 0 
882 380 0 
856 54 0 
76 58 0 
416 527 0 
394 1081 0 
94 538 0 
856 1124 0 
76 723 0 
856 439 0 
359 457 0 
363 31 0 
779 365 0 
711 108 0 
76 472 0 
856 201 0 
954 850 0 
554 453 0 
834 988 0 
1121 939 0 
172 548 0 
856 776 0 
779 715 0 
1063 425 0 
426 1061 0 
856 499 0 
856 868 0 
76 829 0 
76 717 0 
1035 500 0 
76 915 0 
76 1148 0 
856 644 0 
75 1104 0 
832 402 0 
76 818 0 
76 169 0 
76 973 0 
426 827 0 
1102 619 0 
779 771 0 
75 1029 0 
856 1177 0 
638 321 0 
394 302 0 
856 711 0 
76 37 0 
856 1137 0 
856 892 0 
856 295 0 
76 989 0 
779 379 0 
76 564 0 
908 389 0 
856 1158 0 
856 478 0 
1062 20 0 
856 419 0 
60 956 0 
856 532 0 
638 1107 0 
856 522 0 
76 297 0 
856 487 0 
1155 1091 0 
76 376 0 
856 904 0 
779 875 0 
411 660 0 
1159 183 0 
856 510 0 
76 785 0 
204 515 0 
720 1059 0 
76 745 0 
856 1135 0 
121 14 0 
75 219 0 
76 289 0 
75 17 0 
75 336 0 
1062 119 0 
204 474 0 
75 795 0 
76 605 0 
1062 153 0 
416 843 0 
75 468 0 
747 762 0 
76 413 0 
1026 271 0 
856 148 0 
856 312 0 
24 763 0 
416 616 0 
140 88 0 
1026 1147 0 
76 204 0 
856 493 0 
856 3 0 
856 1149 0 
1106 801 0 
426 501 0 
966 318 0 
707 414 0 
856 457 0 
426 1012 0 
966 505 0 
76 885 0 
966 397 0 
638 662 0 
76 84 0 
638 753 0 
741 294 0 
372 450 0 
856 185 0 
747 882 0 
44 590 0 
60 614 0 
76 340 0 
76 889 0 
76 869 0 
76 987 0 
76 543 0 
394 661 0 
856 323 0 
363 802 0 
856 52 0 
856 229 0 
76 1045 0 
76 992 0 
426 499 0 
76 807 0 
1063 1141 0 
426 847 0 
76 771 0 
856 147 0 
856 452 0 
426 746 0 
75 1004 0 
76 942 0 
1026 828 0 
856 389 0 
954 988 0 
76 304 0 
60 865 0 
76 609 0 
76 62 0 
394 504 0 
856 507 0 
76 21 0 
856 203 0 
44 405 0 
416 153 0 
856 1062 0 
76 77 0 
76 34 0 
856 14 0 
76 220 0 
966 882 0 
75 744 0 
76 641 0 
363 736 0 
1026 194 0 
76 238 0 
856 279 0 
76 868 0 
372 784 0 
76 416 0 
426 520 0 
856 1150 0 
76 270 0 
856 337 0 
966 1073 0 
856 351 0 
204 340 0 
856 447 0 
167 869 0 
856 894 0 
966 453 0 
426 322 0 
856 217 0 
1026 283 0 
75 239 0 
190 1103 0 
856 1175 0 
76 288 0 
426 539 0 
94 166 0 
747 539 0 
907 682 0 
720 103 0 
344 11 0 
76 618 0 
856 99 0 
75 683 0 
344 10 0 
638 763 0 
1164 495 0 
908 359 0 
253 435 0 
1062 305 0 
1026 909 0 
856 74 0 
856 427 0 
76 298 0 
638 113 0 
76 620 0 
76 603 0 
637 450 0 
230 538 0 
1169 179 0 
741 1154 0 
76 1129 0 
76 780 0 
204 79 0 
1026 1138 0 
426 987 0 
741 657 0 
1026 100 0 
76 338 0 
426 915 0 
76 1116 0 
121 619 0 
793 366 0 
76 736 0 
779 552 0 
1155 86 0 
76 983 0 
426 1069 0 
856 471 0 
699 474 0 
76 898 0 
881 62 0 
426 297 0 
1062 158 0 
856 784 0 
76 590 0 
856 516 0 
991 162 0 
137 381 0 
344 739 0 
741 634 0 
76 496 0 
754 1013 0 
856 1039 0 
747 520 0 
811 799 0 
76 42 0 
75 682 0 
954 958 0 
1026 974 0 
75 272 0 
1026 1084 0 
75 1181 0 
76 1036 0 
856 1115 0 
253 1075 0 
76 287 0 
856 5 0 
76 1083 0 
1026 1079 0 
856 641 0 
204 160 0 
372 1096 0 
426 820 0 
44 489 0 
747 62 0 
856 263 0 
543 294 0 
637 412 0 
76 629 0 
76 333 0 
728 845 0 
856 783 0 
794 4 0 
856 978 0 
130 526 0 
707 151 0 
76 1028 0 
779 1141 0 
445 154 0 
204 38 0 
75 896 0 
204 997 0 
856 1126 0 
76 301 0 
865 852 0 
856 506 0 
1063 980 0 
856 187 0 
204 785 0 
1102 698 0 
76 593 0 
75 945 0 
426 578 0 
999 880 0 
76 272 0 
856 519 0 
76 466 0 
1174 98 0 
856 309 0 
416 536 0 
811 1151 0 
856 168 0 
75 123 0 
76 589 0 
856 893 0 
75 221 0 
908 160 0 
204 440 0 
856 629 0 
76 857 0 
167 1133 0 
638 443 0 
716 1013 0 
856 474 0 
747 32 0 
61 1128 0 
76 532 0 
1062 749 0 
707 488 0 
1026 978 0 
779 19 0 
76 850 0 
856 442 0 
1026 782 0 
76 452 0 
747 297 0 
75 227 0 
856 138 0 
388 614 0 
75 661 0 
856 744 0 
638 605 0 
253 77 0 
76 102 0 
44 147 0 
856 2 0 
779 97 0 
75 659 0 
1031 813 0 
276 824 0 
856 950 0 
1062 382 0 
24 846 0 
856 842 0 
747 1017 0 
426 1047 0 
834 994 0 
856 464 0 
76 675 0 
856 1081 0 
856 911 0 
752 976 0 
76 712 0 
76 1058 0 
76 348 0 
1026 1004 0 
856 979 0 
779 254 0 
856 202 0 
208 1030 0 
24 868 0 
564 142 0 
856 712 0 
908 934 0 
741 138 0 
426 922 0 
140 124 0 
856 740 0 
856 690 0 
372 1022 0 
564 413 0 
856 403 0 
564 117 0 
75 1173 0 
76 483 0 
426 579 0 
638 135 0 
856 993 0 
637 465 0 
856 545 0 
130 1072 0 
856 762 0 
75 701 0 
856 890 0 
75 871 0 
76 970 0 
363 828 0 
638 257 0 
856 584 0 
638 1007 0 
285 422 0 
856 1107 0 
426 458 0 
1062 353 0 
856 126 0 
856 688 0 
564 853 0 
230 1034 0 
76 881 0 
856 488 0 
856 1034 0 
426 941 0 
44 713 0 
76 993 0 
707 396 0 
1155 796 0 
76 268 0 
966 785 0 
76 536 0 
75 390 0 
76 0 0 
76 554 0 
1031 431 0 
1026 913 0 
783 864 0 
1164 874 0 
1121 37 0 
856 291 0 
856 781 0 
76 524 0 
44 275 0 
779 817 0 
856 794 0 
638 485 0 
741 361 0 
426 455 0 
76 359 0 
76 705 0 
377 209 0 
637 801 0 
426 891 0 
856 567 0 
1026 781 0 
60 708 0 
171 928 0 
856 1103 0 
1106 676 0 
1026 257 0 
44 617 0 
76 484 0 
779 39 0 
75 741 0 
230 354 0 
76 804 0 
76 1066 0 
856 105 0 
76 832 0 
76 826 0 
75 108 0 
1063 46 0 
18 1070 0 
1164 296 0 
76 928 0 
856 84 0 
1155 703 0 
856 774 0 
1055 943 0 
76 453 0 
130 538 0 
150 552 0 
779 246 0 
697 1091 0 
60 516 0 
75 680 0 
721 1119 0 
1026 668 0 
76 346 0 
966 109 0 
716 671 0 
856 1099 0 
493 240 0 
856 852 0 
856 915 0 
76 450 0 
76 633 0 
75 41 0 
856 656 0 
856 110 0 
75 913 0 
416 128 0 
75 733 0 
856 850 0 
235 40 0 
76 308 0 
1155 92 0 
44 863 0 
856 668 0 
856 1073 0 
1083 314 0 
856 210 0 
75 163 0 
466 436 0 
856 1059 0 
637 618 0 
1026 286 0 
856 181 0 
75 42 0 
75 25 0 
75 620 0 
1026 448 0 
150 1148 0 
638 936 0 
76 1040 0 
416 860 0 
747 734 0 
76 156 0 
856 22 0 
373 567 0 
720 687 0 
1062 576 0 
1026 600 0 
44 683 0 
637 386 0 
1121 428 0 
856 463 0 
966 177 0 
1062 704 0 
856 1001 0 
856 272 0 
741 1053 0 
811 192 0 
76 240 0 
76 835 0 
856 450 0 
856 1127 0 
856 563 0 
230 122 0 
76 64 0 
276 496 0 
856 66 0 
966 401 0 
372 1090 0 
60 682 0 
342 927 0 
76 1141 0 
856 68 0 
966 1160 0 
426 1122 0 
75 807 0 
75 668 0 
76 631 0 
720 1011 0 
121 1089 0 
637 583 0 
856 1166 0 
856 120 0 
856 932 0 
966 447 0 
76 14 0 
197 384 0 
856 398 0 
747 389 0 
493 1056 0 
426 146 0 
75 1044 0 
1026 986 0 
1062 860 0 
1026 1055 0 
253 1135 0 
426 1180 0 
76 108 0 
1062 491 0 
426 408 0 
954 1075 0 
790 1153 0 
130 1121 0 
76 1062 0 
637 676 0 
76 227 0 
747 29 0 
1131 601 0 
76 368 0 
177 851 0 
856 907 0 
1026 163 0 
75 93 0 
790 1031 0 
1062 88 0 
856 970 0 
75 781 0 
75 1120 0 
18 1175 0 
856 81 0 
856 1046 0 
75 809 0 
1 152 0 
76 988 0 
76 489 0 
720 154 0 
344 639 0 
856 874 0 
856 664 0 
426 334 0 
426 13 0 
60 1120 0 
856 1116 0 
426 648 0 
75 52 0 
783 120 0 
76 542 0 
638 634 0 
981 838 0 
779 229 0 
487 663 0 
363 482 0 
1062 13 0 
76 276 0 
76 1069 0 
44 781 0 
75 200 0 
426 491 0 
747 922 0 
76 573 0 
285 608 0 
811 25 0 
416 820 0 
426 32 0 
1026 218 0 
76 708 0 
75 245 0 
538 1067 0 
167 1083 0 
856 730 0 
76 764 0 
856 1168 0 
76 1111 0 
76 467 0 
363 641 0 
76 12 0 
1026 943 0 
1062 408 0 
856 556 0 
76 179 0 
622 439 0 
747 1133 0 
856 619 0 
856 380 0 
276 1130 0 
856 349 0 
856 145 0 
1062 499 0 
76 334 0 
1026 977 0 
754 1165 0 
130 1103 0 
76 683 0 
856 451 0 
359 891 0 
76 594 0 
697 154 0 
856 492 0 
76 400 0 
720 442 0 
856 750 0 
856 636 0 
754 374 0 
779 1002 0 
856 648 0 
856 758 0 
171 931 0 
856 523 0 
966 520 0 
426 259 0 
856 887 0 
754 166 0 
307 508 0 
856 642 0 
856 1002 0 
1026 736 0 
856 433 0 
363 974 0 
426 585 0 
1026 464 0 
197 463 0 
966 1094 0 
76 615 0 
426 1041 0 
75 1166 0 
856 20 0 
564 602 0 
637 952 0 
76 1088 0 
856 239 0 
76 635 0 
75 936 0 
76 567 0 
75 1168 0 
76 219 0 
75 341 0 
856 631 0 
790 431 0 
75 1084 0 
966 524 0 
707 105 0 
1026 537 0 
76 1022 0 
1026 66 0 
856 274 0 
856 790 0 
426 997 0 
747 689 0 
856 721 0 
76 624 0 
76 842 0 
999 352 0 
637 205 0 
426 981 0 
117 305 0 
856 1005 0 
426 1057 0 
638 1043 0 
426 36 0 
856 635 0 
747 318 0 
779 630 0 
966 334 0 
76 577 0 
75 624 0 
856 807 0 
416 36 0 
76 68 0 
999 1096 0 
359 934 0 
856 618 0 
856 792 0 
728 808 0 
856 695 0 
426 457 0 
76 1006 0 
75 712 0 
856 512 0 
856 1043 0 
76 766 0 
1026 588 0 
76 5 0 
416 555 0 
991 868 0 
759 1116 0 
1026 61 0 
697 391 0 
856 368 0 
747 510 0 
76 399 0 
76 462 0 
75 823 0 
426 355 0 
856 861 0 
637 970 0 
76 139 0 
856 825 0 
76 192 0 
253 523 0 
426 882 0 
747 1028 0 
856 232 0 
856 836 0 
564 353 0 
285 1101 0 
1052 404 0 
638 347 0 
564 18 0 
263 93 0 
76 770 0 
364 149 0 
76 171 0 
76 380 0 
638 405 0 
171 1140 0 
76 129 0 
364 897 0 
856 1157 0 
589 808 0 
76 833 0 
954 196 0 
637 424 0 
44 775 0 
966 1139 0 
856 696 0 
856 89 0 
253 575 0 
75 495 0 
76 1099 0 
856 922 0 
483 872 0 
426 597 0 
834 176 0 
416 1070 0 
75 489 0 
834 958 0 
856 689 0 
779 132 0 
779 396 0 
638 1181 0 
754 94 0 
208 738 0 
394 968 0 
76 137 0 
856 773 0 
32 332 0 
741 1143 0 
856 8 0 
856 71 0 
76 533 0 
75 1015 0 
856 927 0 
1026 101 0 
822 237 0 
779 893 0 
856 231 0 
230 37 0 
76 994 0 
75 393 0 
856 379 0 
856 1070 0 
779 884 0 
564 364 0 
75 534 0 
1026 1053 0 
856 278 0 
625 1077 0 
638 684 0 
76 1007 0 
856 111 0 
856 1113 0 
76 343 0 
1026 3 0 
589 429 0 
867 1127 0 
637 331 0 
856 45 0 
856 82 0 
856 957 0 
60 661 0 
999 535 0 
1026 489 0 
638 537 0 
779 226 0 
637 378 0 
1169 12 0 
426 1099 0 
82 993 0 
76 56 0 
130 94 0 
445 471 0 
76 1050 0 
856 211 0 
747 237 0 
76 26 0 
76 562 0 
856 1167 0 
426 149 0 
1026 574 0 
856 1152 0 
779 773 0 
76 521 0 
426 50 0 
856 803 0 
1063 203 0 
76 381 0 
470 391 0 
1114 245 0 
359 760 0 
856 104 0 
76 985 0 
1062 492 0 
75 1026 0 
856 1082 0 
637 1116 0 
856 986 0 
1106 1169 0 
426 1133 0 
76 318 0 
856 771 0 
253 644 0 
747 1180 0 
75 617 0 
204 987 0 
966 544 0 
76 682 0 
1026 108 0 
1026 989 0 
779 137 0 
779 826 0 
856 658 0 
1026 1015 0 
76 261 0 
747 699 0 
76 824 0 
76 508 0 
1041 183 0 
1131 962 0 
867 313 0 
747 1094 0 
75 48 0 
856 753 0 
856 470 0 
867 695 0 
856 749 0 
564 1099 0 
747 79 0 
638 337 0 
966 1028 0 
167 332 0 
75 288 0 
75 802 0 
76 930 0 
856 12 0 
75 638 0 
44 1007 0 
638 110 0 
76 847 0 
76 315 0 
564 382 0 
720 697 0 
76 659 0 
75 215 0 
1164 89 0 
966 27 0 
856 1075 0 
710 302 0 
856 816 0 
779 317 0 
75 84 0 
856 806 0 
76 794 0 
856 261 0 
76 286 0 
638 192 0 
130 540 0 
856 760 0 
1062 674 0 
76 44 0 
747 995 0 
76 550 0 
76 606 0 
720 866 0 
747 851 0 
856 318 0 
707 635 0 
76 610 0 
917 407 0 
75 977 0 
76 862 0 
372 352 0 
856 1162 0 
966 29 0 
76 1004 0 
564 569 0 
754 1067 0 
426 446 0 
1062 1157 0 
76 480 0 
76 274 0 
908 544 0 
564 55 0 
416 149 0 
76 183 0 
856 702 0 
638 200 0 
564 1069 0 
75 736 0 
82 409 0 
76 595 0 
856 1027 0 
638 162 0 
372 859 0 
1164 1104 0 
966 297 0 
747 310 0 
638 1128 0 
856 384 0 
75 1123 0 
856 1130 0 
1155 442 0 
75 846 0 
548 1098 0 
76 342 0 
917 731 0 
76 20 0 
130 1068 0 
966 515 0 
1026 270 0 
721 357 0 
75 198 0 
76 540 0 
401 1160 0 
856 330 0 
44 729 0 
779 1148 0 
773 806 0 
638 288 0 
856 268 0 
638 490 0 
1026 186 0 
24 923 0 
856 358 0 
1155 173 0 
204 510 0 
75 101 0 
856 361 0 
229 886 0 
966 869 0 
856 1163 0 
1062 452 0 
76 388 0 
130 1067 0 
75 892 0 
856 436 0 
966 223 0 
426 67 0 
75 1128 0 
1062 273 0 
76 851 0 
426 117 0 
76 608 0 
204 277 0 
856 811 0 
76 960 0 
82 975 0 
426 1159 0 
75 786 0 
76 1053 0 
1026 1016 0 
856 984 0 
426 397 0 
856 586 0 
121 927 0 
76 781 0 
747 787 0 
76 39 0 
76 147 0 
426 345 0 
493 134 0 
43 524 0 
76 1037 0 
60 940 0 
557 979 0 
728 392 0 
76 871 0 
741 871 0 
76 1115 0 
76 884 0 
76 1127 0 
75 363 0 
76 444 0 
856 1180 0 
18 480 0 
76 262 0 
76 1019 0 
75 504 0 
856 431 0 
130 671 0 
75 256 0 
1026 298 0 
856 665 0 
339 739 0 
75 768 0 
190 619 0 
426 438 0 
856 184 0 
856 135 0 
721 473 0 
426 1028 0 
856 29 0 
76 311 0 
637 444 0 
1155 1059 0 
856 1071 0 
747 677 0 
856 328 0 
278 698 0 
741 218 0 
1035 1152 0 
167 27 0 
637 460 0 
1026 17 0 
76 784 0 
373 287 0 
75 1071 0 
76 802 0 
638 127 0 
856 818 0 
747 204 0 
856 489 0 
570 281 0 
856 764 0 
75 587 0 
856 609 0 
754 1064 0 
394 1120 0 
856 1179 0 
1026 227 0 
204 640 0 
779 419 0 
1033 905 0 
908 760 0 
856 1024 0 
1121 1013 0 
75 276 0 
426 212 0 
344 767 0 
856 820 0 
75 464 0 
39 1018 0 
856 460 0 
76 534 0 
76 937 0 
1062 569 0 
76 1177 0 
882 370 0 
856 514 0 
76 1128 0 
75 110 0 
76 354 0 
908 677 0 
856 17 0 
253 1177 0 
204 457 0 
856 1142 0 
76 959 0 
44 868 0 
44 986 0 
856 338 0 
426 565 0 
1155 477 0 
966 358 0 
1062 1134 0 
856 448 0 
856 797 0 
344 872 0 
908 358 0 
204 49 0 
75 729 0 
1102 912 0 
856 627 0 
76 88 0 
263 106 0 
966 456 0 
1155 866 0 
856 761 0 
76 1020 0 
75 68 0 
44 243 0 
373 68 0 
856 1029 0 
76 566 0 
856 542 0 
76 303 0 
1062 446 0 
75 841 0 
908 95 0 
856 561 0 
1026 763 0 
856 980 0 
856 509 0 
75 940 0 
637 335 0 
76 55 0 
966 339 0 
856 325 0 
720 28 0 
856 903 0 
76 294 0 
697 28 0 
208 423 0 
779 449 0 
856 109 0 
76 33 0 
76 459 0 
748 271 0 
882 297 0 
1130 824 0 
882 515 0 
75 662 0 
426 995 0 
856 598 0 
94 829 0 
75 218 0 
856 1102 0 
856 317 0 
966 1008 0 
856 425 0 
1062 838 0 
76 143 0 
426 153 0 
76 748 0 
856 114 0 
414 396 0 
856 1032 0 
1041 689 0 
44 580 0 
779 1023 0 
204 677 0 
75 298 0 
253 247 0 
60 935 0 
747 640 0 
856 1064 0 
1026 683 0 
856 1060 0 
76 405 0 
76 821 0 
1121 643 0 
1164 346 0 
779 944 0 
856 230 0 
1026 929 0 
589 719 0 
76 614 0 
426 62 0 
75 519 0 
856 205 0 
75 162 0 
856 1036 0 
75 811 0 
24 781 0 
625 1148 0 
363 244 0 
856 551 0 
75 1040 0 
1155 679 0 
76 823 0 
966 615 0 
426 734 0 
1026 336 0 
1062 124 0 
1062 745 0 
856 165 0 
130 718 0 
76 1027 0 
856 376 0 
76 281 0 
75 323 0 
856 484 0 
1106 220 0 
856 525 0 
76 547 0 
747 199 0 
966 969 0 
747 359 0 
856 241 0 
856 352 0 
76 312 0 
76 1047 0 
856 800 0 
130 144 0 
856 824 0 
637 563 0 
865 841 0 
856 273 0 
856 156 0 
76 504 0 
856 356 0 
230 222 0 
856 1087 0 
564 438 0 
856 585 0 
414 817 0 
1026 926 0 
779 320 0 
75 377 0 
856 154 0 
76 820 0 
856 417 0 
856 831 0 
1062 1176 0 
76 322 0 
76 1178 0 
856 437 0 
76 184 0 
204 767 0 
966 1159 0 
966 547 0 
76 597 0 
76 1042 0 
720 1118 0 
966 915 0 
76 475 0 
856 617 0 
966 891 0 
954 1177 0 
856 674 0 
856 990 0 
76 193 0 
966 822 0 
76 1002 0 
172 911 0 
1062 111 0 
445 28 0 
856 166 0 
121 1037 0 
1062 1032 0 
60 333 0 
908 1082 0 
1062 1099 0 
24 420 0 
75 59 0 
75 388 0 
253 669 0 
253 134 0 
76 777 0 
779 16 0 
1062 616 0 
172 738 0 
856 412 0 
76 383 0 
130 342 0 
426 655 0 
747 760 0 
856 815 0 
856 249 0 
76 912 0 
76 393 0 
811 1147 0 
966 963 0 